{
 "cells": [
  {
   "cell_type": "code",
   "execution_count": 38,
   "metadata": {},
   "outputs": [],
   "source": [
    "import pandas as pd\n",
    "import numpy as np\n",
    "import os, sys\n",
    "#from xgboost import XGBClassifier\n",
    "from sklearn.model_selection import train_test_split\n",
    "from sklearn.metrics import accuracy_score\n",
    "from sklearn.feature_selection import mutual_info_classif\n",
    "from skfeature.function.similarity_based import fisher_score\n",
    "from scipy.stats import entropy\n",
    "def warn(*args, **kwargs):\n",
    "    pass\n",
    "import warnings\n",
    "warnings.warn = warn\n",
    "warnings.filterwarnings(\"ignore\", category=DeprecationWarning)\n",
    "from sklearn.preprocessing import MinMaxScaler\n",
    "from sklearn.neighbors import NearestNeighbors\n",
    "from scipy.special import gamma,psi,digamma\n",
    "from numpy import pi\n",
    "import math\n",
    "import os\n",
    "from numpy import linalg as LA\n",
    "import time\n"
   ]
  },
  {
   "cell_type": "code",
   "execution_count": 39,
   "metadata": {},
   "outputs": [],
   "source": [
    "def _mi_dc(x, y, k):\n",
    "    \"\"\"\n",
    "    Calculates the mututal information between a continuous vector x and a\n",
    "    disrete class vector y.\n",
    "    This implementation can calculate the MI between the joint distribution of\n",
    "    one or more continuous variables (X[:, 1:3]) with a discrete variable (y).\n",
    "    Thanks to Adam Pocock, the author of the FEAST package for the idea.\n",
    "    Brian C. Ross, 2014, PLOS ONE\n",
    "    Mutual Information between Discrete and Continuous Data Sets\n",
    "    \"\"\"\n",
    "\n",
    "    y = y.flatten()\n",
    "    n = x.shape[0]\n",
    "    classes = np.unique(y)\n",
    "    knn = NearestNeighbors(n_neighbors=k)\n",
    "    # distance to kth in-class neighbour\n",
    "    d2k = np.empty(n)\n",
    "    # number of points within each point's class\n",
    "    Nx = []\n",
    "    for yi in y:\n",
    "        Nx.append(np.sum(y == yi))\n",
    "\n",
    "    # find the distance of the kth in-class point\n",
    "    for c in classes:\n",
    "        mask = np.where(y == c)[0]\n",
    "        knn.fit(x[mask, :])\n",
    "        d2k[mask] = knn.kneighbors()[0][:, -1]\n",
    "\n",
    "    # find the number of points within the distance of the kth in-class point\n",
    "    knn.fit(x)\n",
    "    m = knn.radius_neighbors(radius=d2k, return_distance=False)\n",
    "    m = [i.shape[0] for i in m]\n",
    "\n",
    "    # calculate MI based on Equation 2 in Ross 2014\n",
    "    MI = psi(n) - np.mean(psi(Nx)) + psi(k) - np.mean(psi(m))\n",
    "    return MI\n",
    "def _nearest_distances(X, k=1):\n",
    "    \"\"\"\n",
    "    Returns the distance to the kth nearest neighbor for every point in X\n",
    "    \"\"\"\n",
    "\n",
    "    knn = NearestNeighbors(n_neighbors=k, metric='chebyshev')\n",
    "    knn.fit(X)\n",
    "    # the first nearest neighbor is itself\n",
    "    d, _ = knn.kneighbors(X)\n",
    "    # returns the distance to the kth nearest neighbor\n",
    "    return d[:, -1]\n",
    "def _entropy(X, k=1):\n",
    "    \"\"\"\n",
    "    Returns the entropy of the X.\n",
    "    Written by Gael Varoquaux:\n",
    "    https://gist.github.com/GaelVaroquaux/ead9898bd3c973c40429\n",
    "    Parameters\n",
    "    ----------\n",
    "    X : array-like, shape (n_samples, n_features)\n",
    "        The data the entropy of which is computed\n",
    "    k : int, optional\n",
    "        number of nearest neighbors for density estimation\n",
    "    References\n",
    "    ----------\n",
    "    Kozachenko, L. F. & Leonenko, N. N. 1987 Sample estimate of entropy\n",
    "    of a random vector. Probl. Inf. Transm. 23, 95-101.\n",
    "    See also: Evans, D. 2008 A computationally efficient estimator for\n",
    "    mutual information, Proc. R. Soc. A 464 (2093), 1203-1215.\n",
    "    and:\n",
    "    Kraskov A, Stogbauer H, Grassberger P. (2004). Estimating mutual\n",
    "    information. Phys Rev E 69(6 Pt 2):066138.\n",
    "    F. Perez-Cruz, (2008). Estimation of Information Theoretic Measures\n",
    "    for Continuous Random Variables. Advances in Neural Information\n",
    "    Processing Systems 21 (NIPS). Vancouver (Canada), December.\n",
    "    return d*mean(log(r))+log(volume_unit_ball)+log(n-1)-log(k)\n",
    "    \"\"\"\n",
    "\n",
    "    # Distance to kth nearest neighbor\n",
    "    r = _nearest_distances(X, k)\n",
    "    n, d = X.shape\n",
    "    volume_unit_ball = (np.pi ** (.5 * d)) / gamma(.5 * d + 1)\n",
    "    return (d * np.mean(np.log(r + np.finfo(X.dtype).eps)) +\n",
    "            np.log(volume_unit_ball) + psi(n) - psi(k))"
   ]
  },
  {
   "cell_type": "code",
   "execution_count": 40,
   "metadata": {},
   "outputs": [],
   "source": [
    "def find_Q_p():\n",
    "    scaler = MinMaxScaler((-1, 1))\n",
    "    df = pd.read_csv('parkinsons.data')\n",
    "    df.head()\n",
    "    a =  df.loc[:, df.columns != 'status'].values[:, 1:]\n",
    "    b = df.loc[:, 'status'].values\n",
    "    features = df.loc[:, df.columns != 'status'].values[:, 1:].reshape(195,22)\n",
    "    labels = df.loc[:, 'status'].values.reshape(195,1)\n",
    "    df = np.hstack((features,labels))\n",
    "    df = pd.DataFrame(df, columns = ['MDVP:Fo(Hz)', 'MDVP:Fhi(Hz)', 'MDVP:Flo(Hz)', 'MDVP:Jitter(%)',\n",
    "    'MDVP:Jitter(Abs)', 'MDVP:RAP', 'MDVP:PPQ', 'Jitter:DDP',\n",
    "    'MDVP:Shimmer', 'MDVP:Shimmer(dB)', 'Shimmer:APQ3', 'Shimmer:APQ5',\n",
    "    'MDVP:APQ', 'Shimmer:DDA', 'NHR', 'HNR', 'RPDE', 'DFA',\n",
    "    'spread1', 'spread2', 'D2', 'PPE', 'status'])\n",
    "    from sklearn.metrics.cluster import normalized_mutual_info_score\n",
    "    p_ig = mutual_info_classif(features,labels) #1x22\n",
    "    \n",
    "    # p_fs = fisher_score.fisher_score(features,labels)\n",
    "    print(p_ig)\n",
    "    Q = np.zeros((22,22))\n",
    "    k = 5 #7\n",
    "    # p_ig = []\n",
    "    # #print(np.array(features))\n",
    "    # #print(_mi_dc(np.array(features), labels, k))\n",
    "    # for i in range(22):\n",
    "    #     p_ig.append(_mi_dc(np.array(features[:,i]).reshape(1,195).T, labels, k))\n",
    "    for i in range(22):\n",
    "        for j in range(22):\n",
    "            H = _entropy(np.array([a[:,i]],dtype=\"float64\").reshape(195,1),k) + _entropy(np.array([a[:,j]],dtype=\"float64\").reshape(195,1),k)\n",
    "            #print(np.array(features[:,i]).reshape(1,195).shape)\n",
    "            #print(np.vstack((features[:,i],features[:,j])).T.shape)\n",
    "            tmp1 = _mi_dc(np.array(features[:,i]).reshape(1,195).T, labels, k)\n",
    "            tmp2 = _mi_dc(np.array(features[:,j]).reshape(1,195).T, labels, k)\n",
    "            #print(tmp1)\n",
    "            #print(np.vstack((features[:,i],features[:,j])).T)\n",
    "            tmp3 = _mi_dc(np.vstack((features[:,i],features[:,j])).T, labels, k)\n",
    "            tmp = tmp1+tmp2-tmp3\n",
    "            #print(tmp1+tmp2-tmp3)\n",
    "            Q[i,j] = max(0,tmp/H)\n",
    "    return np.array(p_ig).reshape(1,22),Q,features,labels"
   ]
  },
  {
   "cell_type": "code",
   "execution_count": 41,
   "metadata": {},
   "outputs": [
    {
     "name": "stdout",
     "output_type": "stream",
     "text": [
      "[0.20659267 0.14071299 0.17408837 0.11305195 0.19648869 0.09860681\n",
      " 0.11294045 0.0893201  0.09818314 0.10003666 0.10877532 0.11295902\n",
      " 0.18084064 0.11043589 0.12330283 0.13246159 0.03700343 0.09511555\n",
      " 0.22136783 0.19200151 0.01791333 0.25398246]\n"
     ]
    },
    {
     "data": {
      "text/plain": [
       "0.28726076668625"
      ]
     },
     "execution_count": 41,
     "metadata": {},
     "output_type": "execute_result"
    }
   ],
   "source": [
    "p,Q,features,labels = find_Q_p()\n",
    "w, v = LA.eig(Q)\n",
    "w\n",
    "xi = -min(0,min(w))\n",
    "xi"
   ]
  },
  {
   "cell_type": "code",
   "execution_count": 42,
   "metadata": {},
   "outputs": [
    {
     "data": {
      "text/plain": [
       "array([[0.20659267, 0.14071299, 0.17408837, 0.11305195, 0.19648869,\n",
       "        0.09860681, 0.11294045, 0.0893201 , 0.09818314, 0.10003666,\n",
       "        0.10877532, 0.11295902, 0.18084064, 0.11043589, 0.12330283,\n",
       "        0.13246159, 0.03700343, 0.09511555, 0.22136783, 0.19200151,\n",
       "        0.01791333, 0.25398246]])"
      ]
     },
     "execution_count": 42,
     "metadata": {},
     "output_type": "execute_result"
    }
   ],
   "source": [
    "p"
   ]
  },
  {
   "cell_type": "code",
   "execution_count": 43,
   "metadata": {},
   "outputs": [
    {
     "data": {
      "text/plain": [
       "array([[3.08421105e-01, 8.74271224e-03, 1.51789980e-02, 0.00000000e+00,\n",
       "        4.20775865e-02, 1.88592552e-02, 2.71521402e-02, 7.23994328e-02,\n",
       "        5.34990935e-02, 0.00000000e+00, 7.99028215e-02, 6.94509720e-02,\n",
       "        8.03872265e-02, 2.25210740e-02, 4.00653920e-02, 0.00000000e+00,\n",
       "        0.00000000e+00, 1.29379564e-02, 1.63401792e-02, 2.68880117e-02,\n",
       "        0.00000000e+00, 7.10484864e-02],\n",
       "       [8.74271224e-03, 2.97688278e-01, 6.38875712e-03, 1.24125310e-01,\n",
       "        4.23793011e-02, 2.07534523e-02, 2.67530920e-02, 2.98886811e-02,\n",
       "        2.96428369e-02, 0.00000000e+00, 4.14509623e-02, 4.86658485e-02,\n",
       "        5.22220712e-02, 2.19255177e-02, 3.61616070e-02, 0.00000000e+00,\n",
       "        1.31268078e-03, 1.30646608e-02, 2.58185900e-02, 2.35019600e-02,\n",
       "        0.00000000e+00, 6.18439388e-02],\n",
       "       [1.51789980e-02, 6.38875712e-03, 3.04153796e-01, 0.00000000e+00,\n",
       "        4.15965520e-02, 9.44559076e-03, 1.68643160e-02, 6.29592194e-02,\n",
       "        3.53609741e-02, 0.00000000e+00, 5.01543636e-02, 7.38156565e-02,\n",
       "        7.42085320e-02, 2.57304794e-02, 4.59504328e-02, 0.00000000e+00,\n",
       "        1.68891574e-03, 1.47996351e-02, 2.55865832e-02, 2.79264521e-02,\n",
       "        0.00000000e+00, 7.29634735e-02],\n",
       "       [0.00000000e+00, 1.24125310e-01, 0.00000000e+00, 2.87260767e-01,\n",
       "        3.09572652e-02, 8.50623268e-03, 0.00000000e+00, 3.18013430e-03,\n",
       "        0.00000000e+00, 0.00000000e+00, 0.00000000e+00, 0.00000000e+00,\n",
       "        0.00000000e+00, 0.00000000e+00, 0.00000000e+00, 0.00000000e+00,\n",
       "        0.00000000e+00, 0.00000000e+00, 0.00000000e+00, 0.00000000e+00,\n",
       "        0.00000000e+00, 0.00000000e+00],\n",
       "       [4.20775865e-02, 4.23793011e-02, 4.15965520e-02, 3.09572652e-02,\n",
       "        3.05341720e-01, 3.05279563e-02, 3.04334744e-02, 3.14710620e-02,\n",
       "        3.22303857e-02, 3.49415227e-02, 3.16652767e-02, 3.19252647e-02,\n",
       "        3.21983153e-02, 3.29240444e-02, 3.20339613e-02, 3.87760858e-02,\n",
       "        3.37910745e-02, 3.35014812e-02, 3.68727494e-02, 3.40198635e-02,\n",
       "        3.55387731e-02, 3.39528584e-02],\n",
       "       [1.88592552e-02, 2.07534523e-02, 9.44559076e-03, 8.50623268e-03,\n",
       "        3.05279563e-02, 2.92080482e-01, 7.27931741e-03, 1.60638714e-03,\n",
       "        1.43939521e-03, 8.57573910e-03, 2.60568373e-03, 6.35753942e-03,\n",
       "        2.13408445e-03, 2.01039054e-03, 3.65615606e-03, 1.26776029e-03,\n",
       "        5.23793329e-04, 3.67261682e-03, 2.05283831e-03, 1.25936353e-03,\n",
       "        1.17066142e-03, 5.56411153e-04],\n",
       "       [2.71521402e-02, 2.67530920e-02, 1.68643160e-02, 0.00000000e+00,\n",
       "        3.04334744e-02, 7.27931741e-03, 2.90743404e-01, 4.67609200e-03,\n",
       "        1.89273938e-03, 6.45536650e-03, 1.96934792e-03, 4.59438688e-03,\n",
       "        1.40108317e-03, 2.04231977e-03, 5.07258548e-03, 1.25168603e-03,\n",
       "        1.54801617e-03, 2.70326048e-03, 2.08586240e-03, 0.00000000e+00,\n",
       "        0.00000000e+00, 4.46623309e-04],\n",
       "       [7.23994328e-02, 2.98886811e-02, 6.29592194e-02, 3.18013430e-03,\n",
       "        3.14710620e-02, 1.60638714e-03, 4.67609200e-03, 2.87260767e-01,\n",
       "        0.00000000e+00, 4.59022645e-03, 2.50386945e-03, 5.73013281e-03,\n",
       "        0.00000000e+00, 0.00000000e+00, 0.00000000e+00, 0.00000000e+00,\n",
       "        2.19545373e-04, 6.51035362e-03, 0.00000000e+00, 1.06675005e-04,\n",
       "        0.00000000e+00, 0.00000000e+00],\n",
       "       [5.34990935e-02, 2.96428369e-02, 3.53609741e-02, 0.00000000e+00,\n",
       "        3.22303857e-02, 1.43939521e-03, 1.89273938e-03, 0.00000000e+00,\n",
       "        2.87260767e-01, 0.00000000e+00, 0.00000000e+00, 0.00000000e+00,\n",
       "        1.61695201e-03, 0.00000000e+00, 0.00000000e+00, 0.00000000e+00,\n",
       "        2.83902302e-03, 8.37451278e-03, 0.00000000e+00, 0.00000000e+00,\n",
       "        0.00000000e+00, 0.00000000e+00],\n",
       "       [0.00000000e+00, 0.00000000e+00, 0.00000000e+00, 0.00000000e+00,\n",
       "        3.49415227e-02, 8.57573910e-03, 6.45536650e-03, 4.59022645e-03,\n",
       "        0.00000000e+00, 2.90202637e-01, 0.00000000e+00, 0.00000000e+00,\n",
       "        0.00000000e+00, 2.45983638e-03, 0.00000000e+00, 0.00000000e+00,\n",
       "        5.62576048e-02, 2.27561455e-02, 1.21604393e-01, 2.34944008e-02,\n",
       "        1.08577653e-01, 6.24387396e-03],\n",
       "       [7.99028215e-02, 4.14509623e-02, 5.01543636e-02, 0.00000000e+00,\n",
       "        3.16652767e-02, 2.60568373e-03, 1.96934792e-03, 2.50386945e-03,\n",
       "        0.00000000e+00, 0.00000000e+00, 2.87260767e-01, 0.00000000e+00,\n",
       "        0.00000000e+00, 0.00000000e+00, 0.00000000e+00, 0.00000000e+00,\n",
       "        0.00000000e+00, 4.09040545e-03, 0.00000000e+00, 0.00000000e+00,\n",
       "        0.00000000e+00, 0.00000000e+00],\n",
       "       [6.94509720e-02, 4.86658485e-02, 7.38156565e-02, 0.00000000e+00,\n",
       "        3.19252647e-02, 6.35753942e-03, 4.59438688e-03, 5.73013281e-03,\n",
       "        0.00000000e+00, 0.00000000e+00, 0.00000000e+00, 2.87260767e-01,\n",
       "        5.82978147e-03, 0.00000000e+00, 0.00000000e+00, 0.00000000e+00,\n",
       "        1.38264599e-03, 3.24866292e-03, 0.00000000e+00, 0.00000000e+00,\n",
       "        0.00000000e+00, 0.00000000e+00],\n",
       "       [8.03872265e-02, 5.22220712e-02, 7.42085320e-02, 0.00000000e+00,\n",
       "        3.21983153e-02, 2.13408445e-03, 1.40108317e-03, 0.00000000e+00,\n",
       "        1.61695201e-03, 0.00000000e+00, 0.00000000e+00, 5.82978147e-03,\n",
       "        2.87260767e-01, 0.00000000e+00, 0.00000000e+00, 0.00000000e+00,\n",
       "        0.00000000e+00, 1.52935130e-03, 0.00000000e+00, 0.00000000e+00,\n",
       "        0.00000000e+00, 0.00000000e+00],\n",
       "       [2.25210740e-02, 2.19255177e-02, 2.57304794e-02, 0.00000000e+00,\n",
       "        3.29240444e-02, 2.01039054e-03, 2.04231977e-03, 0.00000000e+00,\n",
       "        0.00000000e+00, 2.45983638e-03, 0.00000000e+00, 0.00000000e+00,\n",
       "        0.00000000e+00, 2.87260767e-01, 0.00000000e+00, 0.00000000e+00,\n",
       "        1.10629488e-02, 6.41420236e-03, 0.00000000e+00, 0.00000000e+00,\n",
       "        0.00000000e+00, 0.00000000e+00],\n",
       "       [4.00653920e-02, 3.61616070e-02, 4.59504328e-02, 0.00000000e+00,\n",
       "        3.20339613e-02, 3.65615606e-03, 5.07258548e-03, 0.00000000e+00,\n",
       "        0.00000000e+00, 0.00000000e+00, 0.00000000e+00, 0.00000000e+00,\n",
       "        0.00000000e+00, 0.00000000e+00, 2.87260767e-01, 0.00000000e+00,\n",
       "        0.00000000e+00, 2.11629783e-03, 0.00000000e+00, 0.00000000e+00,\n",
       "        0.00000000e+00, 0.00000000e+00],\n",
       "       [0.00000000e+00, 0.00000000e+00, 0.00000000e+00, 0.00000000e+00,\n",
       "        3.87760858e-02, 1.26776029e-03, 1.25168603e-03, 0.00000000e+00,\n",
       "        0.00000000e+00, 0.00000000e+00, 0.00000000e+00, 0.00000000e+00,\n",
       "        0.00000000e+00, 0.00000000e+00, 0.00000000e+00, 2.88486491e-01,\n",
       "        2.64458080e-03, 3.94867079e-02, 0.00000000e+00, 5.95228969e-02,\n",
       "        0.00000000e+00, 1.73168017e-01],\n",
       "       [0.00000000e+00, 1.31268078e-03, 1.68891574e-03, 0.00000000e+00,\n",
       "        3.37910745e-02, 5.23793329e-04, 1.54801617e-03, 2.19545373e-04,\n",
       "        2.83902302e-03, 5.62576048e-02, 0.00000000e+00, 1.38264599e-03,\n",
       "        0.00000000e+00, 1.10629488e-02, 0.00000000e+00, 2.64458080e-03,\n",
       "        2.89561010e-01, 0.00000000e+00, 0.00000000e+00, 7.40146919e-04,\n",
       "        5.51308117e-02, 1.03030617e-02],\n",
       "       [1.29379564e-02, 1.30646608e-02, 1.47996351e-02, 0.00000000e+00,\n",
       "        3.35014812e-02, 3.67261682e-03, 2.70326048e-03, 6.51035362e-03,\n",
       "        8.37451278e-03, 2.27561455e-02, 4.09040545e-03, 3.24866292e-03,\n",
       "        1.52935130e-03, 6.41420236e-03, 2.11629783e-03, 3.94867079e-02,\n",
       "        0.00000000e+00, 2.87260767e-01, 0.00000000e+00, 3.24429416e-02,\n",
       "        0.00000000e+00, 0.00000000e+00],\n",
       "       [1.63401792e-02, 2.58185900e-02, 2.55865832e-02, 0.00000000e+00,\n",
       "        3.68727494e-02, 2.05283831e-03, 2.08586240e-03, 0.00000000e+00,\n",
       "        0.00000000e+00, 1.21604393e-01, 0.00000000e+00, 0.00000000e+00,\n",
       "        0.00000000e+00, 0.00000000e+00, 0.00000000e+00, 0.00000000e+00,\n",
       "        0.00000000e+00, 0.00000000e+00, 3.56826127e-01, 0.00000000e+00,\n",
       "        0.00000000e+00, 0.00000000e+00],\n",
       "       [2.68880117e-02, 2.35019600e-02, 2.79264521e-02, 0.00000000e+00,\n",
       "        3.40198635e-02, 1.25936353e-03, 0.00000000e+00, 1.06675005e-04,\n",
       "        0.00000000e+00, 2.34944008e-02, 0.00000000e+00, 0.00000000e+00,\n",
       "        0.00000000e+00, 0.00000000e+00, 0.00000000e+00, 5.95228969e-02,\n",
       "        7.40146919e-04, 3.24429416e-02, 0.00000000e+00, 2.87260767e-01,\n",
       "        2.37811400e-02, 0.00000000e+00],\n",
       "       [0.00000000e+00, 0.00000000e+00, 0.00000000e+00, 0.00000000e+00,\n",
       "        3.55387731e-02, 1.17066142e-03, 0.00000000e+00, 0.00000000e+00,\n",
       "        0.00000000e+00, 1.08577653e-01, 0.00000000e+00, 0.00000000e+00,\n",
       "        0.00000000e+00, 0.00000000e+00, 0.00000000e+00, 0.00000000e+00,\n",
       "        5.51308117e-02, 0.00000000e+00, 0.00000000e+00, 2.37811400e-02,\n",
       "        2.87260767e-01, 0.00000000e+00],\n",
       "       [7.10484864e-02, 6.18439388e-02, 7.29634735e-02, 0.00000000e+00,\n",
       "        3.39528584e-02, 5.56411153e-04, 4.46623309e-04, 0.00000000e+00,\n",
       "        0.00000000e+00, 6.24387396e-03, 0.00000000e+00, 0.00000000e+00,\n",
       "        0.00000000e+00, 0.00000000e+00, 0.00000000e+00, 1.73168017e-01,\n",
       "        1.03030617e-02, 0.00000000e+00, 0.00000000e+00, 0.00000000e+00,\n",
       "        0.00000000e+00, 2.87260767e-01]])"
      ]
     },
     "execution_count": 43,
     "metadata": {},
     "output_type": "execute_result"
    }
   ],
   "source": [
    "Q = xi*np.eye(22) + Q\n",
    "Q"
   ]
  },
  {
   "cell_type": "code",
   "execution_count": 44,
   "metadata": {},
   "outputs": [
    {
     "data": {
      "text/plain": [
       "array([6.76883616e-01, 3.66080699e-16, 4.98340776e-01, 4.51531960e-01,\n",
       "       1.29213274e-01, 1.39157580e-01, 4.03478846e-01, 1.78885155e-01,\n",
       "       3.57278256e-01, 2.26849969e-01, 2.35687183e-01, 3.19615512e-01,\n",
       "       3.11773854e-01, 2.56517524e-01, 2.65355524e-01, 3.02297267e-01,\n",
       "       2.78713907e-01, 2.83148537e-01, 2.92235166e-01, 2.86366195e-01,\n",
       "       2.88981139e-01, 2.88323011e-01])"
      ]
     },
     "execution_count": 44,
     "metadata": {},
     "output_type": "execute_result"
    }
   ],
   "source": [
    "np.linalg.det(Q)\n",
    "w, v = LA.eig(Q)\n",
    "w"
   ]
  },
  {
   "cell_type": "code",
   "execution_count": 45,
   "metadata": {},
   "outputs": [
    {
     "name": "stderr",
     "output_type": "stream",
     "text": [
      "/Library/Frameworks/Python.framework/Versions/3.10/lib/python3.10/site-packages/scipy/optimize/_hessian_update_strategy.py:182: UserWarning: delta_grad == 0.0. Check if the approximated function is linear. If the function is linear better results can be obtained by defining the Hessian as zero instead of using quasi-Newton approximations.\n",
      "  warn('delta_grad == 0.0. Check if the approximated '\n"
     ]
    },
    {
     "name": "stdout",
     "output_type": "stream",
     "text": [
      "[2.81303230e-07 2.40719284e-07 2.63903694e-07 6.49811318e-02\n",
      " 6.28574566e-07 5.26758228e-02 5.89742744e-02 5.60017096e-02\n",
      " 6.04368031e-02 6.26860967e-06 6.40095167e-02 6.15601873e-02\n",
      " 8.27119516e-02 6.33809136e-02 6.78481479e-02 1.61148639e-07\n",
      " 3.34559295e-02 4.50786810e-02 7.66459052e-02 8.04018207e-02\n",
      " 2.85209117e-02 1.03308449e-01]\n",
      "-4.440892098500626e-16\n",
      "[0.15305051]\n",
      "GDA:  6.096260070800781\n"
     ]
    },
    {
     "data": {
